% Mean daily discharge [m3/s] in Zofingen from Jan 1, 2014 to Jun 30, 2018
5.99
5.69
5.38
10.3
12.0
8.57
7.26
6.65
6.23
6.20
5.74
5.35
5.22
6.95
7.05
6.13
7.69
6.48
5.83
5.40
5.49
5.20
4.92
5.41
4.88
4.92
6.30
5.64
5.08
4.70
4.43
4.29
4.98
4.76
4.66
4.78
4.72
6.86
6.90
6.54
5.78
6.45
5.65
7.19
9.90
8.17
12.3
8.75
7.38
6.62
6.05
6.81
6.30
5.88
5.52
5.20
4.99
5.80
5.36
5.11
4.92
4.77
4.69
4.89
4.75
4.51
4.30
4.17
4.12
4.01
3.86
3.78
3.72
3.72
3.65
3.56
3.54
3.34
3.22
3.25
4.58
5.70
4.73
4.21
3.92
3.75
3.64
3.51
3.37
3.25
3.15
3.07
3.01
2.94
2.82
3.15
2.80
4.47
3.30
2.95
2.80
2.65
2.52
2.44
2.39
2.39
2.40
2.64
3.13
2.62
2.56
2.51
2.33
3.64
3.37
4.25
13.0
11.4
13.2
8.02
7.05
7.26
17.0
10.4
7.69
6.34
8.01
7.40
6.04
5.21
6.62
7.46
7.06
14.0
12.2
9.01
7.21
6.18
5.57
4.91
4.57
4.23
6.02
4.26
3.92
3.84
5.76
4.89
4.20
4.47
3.96
3.64
3.49
3.43
3.71
3.77
3.16
2.91
2.74
2.65
2.53
2.48
3.25
4.55
2.88
2.65
2.57
2.47
2.47
2.29
2.20
2.11
2.03
2.93
10.4
3.98
3.05
2.69
2.64
3.63
4.06
3.00
5.10
4.62
3.41
5.31
3.57
8.56
15.6
11.4
11.6
9.20
8.94
10.7
8.12
6.05
4.94
4.27
3.82
3.45
5.19
8.39
23.8
17.7
8.89
6.71
6.26
5.44
18.8
24.6
12.6
13.0
9.29
8.22
9.24
8.19
7.09
6.06
5.42
4.89
4.82
4.99
24.2
11.9
8.38
6.99
9.61
9.55
7.31
6.24
5.93
5.32
5.08
4.69
4.40
4.96
4.30
5.10
5.03
4.24
4.01
6.12
5.52
7.63
5.48
4.77
4.37
4.50
3.99
3.73
3.54
4.54
4.59
3.81
3.82
3.68
3.46
3.38
3.26
3.13
3.03
2.99
2.94
5.65
8.07
4.51
3.89
4.39
3.63
3.36
3.19
3.02
2.94
2.99
2.83
2.77
2.69
3.14
3.69
3.16
6.94
3.87
3.58
4.84
3.71
3.83
4.99
4.57
3.99
3.85
3.48
3.26
3.13
12.0
13.8
8.34
6.47
5.67
5.05
4.67
4.37
4.09
3.86
3.71
3.61
3.50
3.42
3.41
12.6
17.6
9.59
7.31
6.19
5.60
5.17
4.98
7.68
5.91
6.80
23.2
11.1
9.06
7.70
6.78
6.20
5.62
5.27
5.00
4.75
4.58
4.41
4.26
4.09
3.98
4.10
3.94
4.01
3.92
3.76
3.74
3.59
3.65
3.72
3.61
3.66
3.56
3.41
3.28
3.29
3.24
4.03
5.27
4.74
5.12
4.28
3.98
3.74
3.55
3.44
3.36
3.87
3.96
3.46
3.55
3.61
3.54
3.69
9.18
21.8
9.12
6.93
5.79
5.13
5.00
4.85
6.56
5.65
5.02
7.51
6.79
5.57
8.76
7.36
6.09
5.86
5.38
5.02
4.71
4.49
4.49
4.23
4.35
4.10
5.39
8.09
6.37
5.63
5.19
4.93
4.64
4.41
4.26
4.01
3.83
3.71
3.69
3.64
3.66
3.72
3.85
4.02
4.00
3.82
3.77
3.71
3.88
4.22
4.54
4.63
6.52
5.51
5.01
5.54
6.44
6.46
24.8
14.2
10.4
8.52
7.41
6.68
6.20
5.93
5.76
5.66
5.36
5.04
4.75
4.51
4.41
4.34
4.39
4.46
4.41
4.67
6.08
5.05
4.81
4.44
4.73
4.74
4.28
4.33
13.3
9.01
7.97
8.24
10.7
15.9
17.2 
11.2
9.11
7.95
7.10
6.41
5.88
5.48
5.17
4.90
4.70
4.55
4.82
7.19
4.91
4.53
4.30
4.14
4.04
3.90
3.82
4.05
4.01
12.7
6.70
5.50
27.0
36.0
30.5
27.4
17.1
34.4
17.3
12.0
9.99
8.53
7.66
6.98
6.42
5.97
11.6
9.27
7.22
6.62
6.31
7.10
8.62
7.18
6.42
5.91
6.31
10.5
8.60
6.94
6.16
5.92
5.38
5.10
5.34
4.68
4.35
4.13
5.81
4.81
4.86
4.35
4.37
4.14
4.44
4.18
5.47
10.5
8.87
6.19
5.38
8.53
5.54
5.04
5.12
11.6
6.59
5.29
4.70
4.31
3.98
3.74
3.54
3.38
3.26
3.04
2.86
2.74
2.94
2.63
3.28
2.61
2.54
2.45
2.29
2.23
2.21
2.10
1.96
1.95
2.30
2.15
1.91
1.79
2.82
3.37
2.56
3.47
2.44
2.94
2.24
3.23
3.36
2.41
2.64
3.27
2.28
2.13
2.08
1.89
1.75
1.64
2.37
2.01
2.12
1.66
1.55
2.08
2.37
4.51
2.73
2.25
4.78
2.88
2.35
2.10
2.10
3.36
3.35
2.19
1.96
1.81
1.62
1.50
1.44
1.98
2.20
1.76
2.37
1.76
1.67
1.62
1.57
1.55
1.48
1.52
1.45
1.54
2.73
1.80
1.70
3.59
2.75
2.04
1.94
1.80
1.80
2.88
2.45
1.92
1.75
1.66
1.62
1.59
1.57
1.59
1.56
1.47
2.30
1.73
2.89
2.66
1.95
1.77
1.73
1.68
1.65
2.38
3.23
2.65
2.99
2.40
3.36
2.89
2.46
2.28
2.16
2.01
1.90
1.80
1.79
1.79
1.77
3.01
2.16
1.91
1.79
1.82
1.77
1.76
1.71
1.65
1.57
1.52
1.53
1.51
1.53
1.55
1.60
1.55
1.48
1.47
1.44
1.39
1.38
6.50
16.6
6.00
4.25
3.48
3.47
3.97
3.69
3.40
3.23
4.16
3.55
3.09
2.83
2.67
2.59
2.39
2.31
2.21
3.00
2.64
2.44
2.32
2.20
2.16
2.08
2.42
2.43
2.17
2.03
1.94
2.16
2.11
1.96
1.90
1.81
1.77
1.75
1.75
1.73
1.72 
1.77
2.20
2.35
2.89
4.95
4.48
3.64
4.69
7.49
18.7
13.9
22.4
15.9
12.3
8.70
7.04
6.08
5.44
4.93
4.64
4.47
4.17
3.96
4.15
4.35
4.31
4.41
4.42
4.36
4.20
3.96
9.09
8.29
5.92
9.41
8.70
10.1
7.75
6.79
6.18
7.42
9.91
7.44
6.75
8.24
11.5
10.2
8.47
7.48
6.78
6.71
6.18
7.04
6.58
7.00
7.74
10.5
9.93
8.49
7.40
7.23
7.47
10.4
12.0
10.0
10.8
10.4
8.67
8.17
7.66
7.09
6.58
6.20
5.93
5.65
5.45
5.41
5.06
4.97
4.84
4.71
4.72
4.52
4.45
4.26
4.34
4.45
4.25
4.17
4.13
4.14
3.90
3.72
3.57
3.46
3.33
3.25
4.67
3.50
3.69
4.33
3.80
3.59
3.50
5.27
7.19
5.18
5.77
7.88
12.9
13.9
8.57
6.78
6.15
10.0
13.4
9.97
9.23
9.75
7.80
6.79
7.69
14.0
16.2
11.0
9.31
7.81
6.85
6.11
5.58
5.29
5.02
4.82
10.3
16.3
24.8
18.2
11.4
8.97
7.61
8.61
7.58
6.40
5.86
9.90
11.7
8.35
7.02
6.21
9.31
22.8
16.2
11.1 
8.83
7.95
9.91
18.7
15.2
11.6
9.19
9.96
13.1
10.2
9.26
8.06
8.14
12.5
9.53
10.3
17.4
12.1
13.3
11.3
9.75
8.54
7.43
7.00
29.8
17.5
12.5
9.99
8.74
10.5 
9.96
11.0
9.59
7.91
7.17
6.57
6.10
5.77
5.40
5.16
5.14
28.7
26.4
18.3
13.7
10.3
8.51
7.34
6.55
6.06
5.87
5.85
5.54
5.21
4.94
4.84
5.28
4.61
4.37
4.15
6.68
5.57
4.64
4.39
4.57
8.88
5.21
4.60
4.37
4.32
4.68
4.27
4.06
3.93
3.75
3.64
3.56
4.35
5.61
4.87
4.12
4.67
3.69
3.44
3.25
3.13
2.98
2.87
2.69
2.71
2.65
2.77
4.35
2.84
2.63
2.65
8.93
4.80
3.68
3.27
3.03
2.86
2.72
2.62
2.57
2.50
2.56
3.30
2.71
3.04
4.22
3.50
2.97
2.85
2.74
2.59
2.54
2.50
2.49
2.38
2.37
2.33
2.28
3.01
2.44
2.35
2.32
2.33
2.33
2.29
2.28
2.31
2.31
2.30
2.31
2.69
2.57
2.28
2.37
2.87
2.66
2.46
2.46
2.35
2.67
2.71
8.88
21.7
9.81
6.34
5.04
4.39
4.02
3.81
3.63
3.47
3.38
4.87
13.8
8.90
6.54
5.70
6.84
16.5
10.5
7.69
6.58
5.87
5.50
5.45
5.68
9.98
7.29
6.17
5.50
5.08
4.83
4.61
4.38
4.22
4.20
4.08
4.00
3.96
3.87
3.80
3.69
3.65
3.61
3.56
3.49
3.47
3.41
3.35
3.35
3.30
3.30
3.25
3.20
3.10
3.09
3.17
3.12
3.03
3.02
2.90
2.71
2.65
2.61
2.58
2.55
2.57
2.54
2.50
2.04
2.07
2.17
2.10
2.15
2.03
1.95
2.04
2.05
2.12
2.17
2.95
4.80
3.29
2.86
2.63
2.46
2.39
2.33
2.28
2.15
2.09
2.05
2.04
2.04
2.00
1.99
2.05
2.04
2.15
8.09
17.9
8.39
6.14
5.27
4.88
6.61
6.40
8.94
7.83
5.85
5.05
4.57
4.19
3.83
3.65
3.57
4.31
4.25
3.72
3.47
3.50
3.51
3.28
3.16
2.96
2.87
2.81
6.43
6.56
8.32
6.16
5.11
4.85
10.1
13.6 
8.12
9.77
8.43
6.53
5.59
4.88
4.37
4.05
3.82
3.62
4.60
4.46
3.77
3.48
3.52
3.58
3.21
3.05
2.93
2.89
2.78
2.67
2.59
2.53
2.46
2.41
2.38
2.41
3.94
2.74
2.54
2.40
2.27
2.20
2.15
2.15
2.07
2.01
2.00
2.55
2.36
2.60
2.43
2.30
2.20
2.10
1.97
1.94
3.41
14.9
7.78
11.6
11.3
9.32
8.05
6.55
5.33
5.67
4.85
4.79
6.56
7.95
6.63
5.40
4.55
4.70
4.92
4.86
4.62
3.69
3.31
3.09
5.33
4.09
3.39
3.09
2.80
2.63
2.48
2.36
2.23
2.10
2.06
3.37
3.29
3.00
3.50
4.58
11.9
5.31
4.37
4.19
3.35
2.98
2.72
2.50
2.33
2.21
2.17
2.03
2.94
1.98
1.85
1.80
1.70
1.54
1.50
1.40
1.35 
1.57
1.44
1.65
4.75
3.97
2.09
1.82
2.12
1.97
1.65
1.56
1.46
1.39
2.48
1.81
5.53
5.79
2.50
2.08
2.07
1.83
1.69
1.61
1.50
1.36
1.63
2.82
3.72
3.71
3.14
4.96
7.25
3.33
4.65
3.15
2.58
3.05
2.62
2.51
2.02
1.85
1.75
1.74
1.72
2.56
2.84
5.95
4.81
3.57
2.75
2.37
2.12
2.47
1.93
2.40
2.74
1.92
1.84
1.76
1.64
2.11
1.95
1.58
1.50
1.48
1.39
1.37
5.78
9.03
13.8
8.70
4.97
3.86
3.27
2.93
2.74
2.69
2.63
2.45
2.73
2.48
3.20
2.84
2.65
3.17
3.73
3.23
3.18
2.75
2.56
2.38
2.26
2.30
2.25
2.35
2.15
2.07
2.04
2.35
2.18
3.94
2.78
2.45
3.08
2.50
2.57
2.38
2.36
2.27
2.17
2.12
2.06
2.04
2.01
2.01
1.99
1.97
1.91
1.88
2.74
3.63
2.74
2.35
2.23
2.31
2.31
2.26
2.55
2.24
2.19
2.16
2.11
2.03
3.97
6.50
6.73
5.21
4.48
4.15
4.87
12.8
11.4
7.30
5.82
5.01
4.49
4.16
4.34
4.02
3.80
3.69
3.51
3.34
6.99
6.57
5.02
4.52
4.50
4.20
4.11
3.83
3.66
3.59
3.56
3.47
3.42
5.67
5.17
8.05
17.1
14.0
8.55
14.4
34.3
14.6
9.98
8.08
6.79
6.14
5.78
7.85
9.30
8.02
6.74
6.18
5.98
5.63
5.04
7.88
14.1
10.1
10.7
12.1
23.7
21.5
13.4
9.98
8.33
7.40
6.65
6.10
5.65
5.34
5.07
4.91
5.36
7.95
8.53
11.2
9.57
26.2
52.3
34.3
18.9
13.8
10.9
9.17
7.99
7.30
6.75
6.38
8.58
7.00
6.23
5.74
5.42
5.23
5.08
4.92
4.74
4.61
4.61
4.97
4.50
4.34
4.83
12.2
12.8
14.8
10.1
8.39
7.22
6.47
5.94
5.48
5.07
4.67
4.42
4.45
4.55
4.49
4.46
4.72
4.99
5.00
5.21
6.38
5.73
5.62
5.52
5.42
6.14
5.97
5.31
4.84
4.92
5.68
5.23
4.97
4.69
4.52
4.64
4.56
4.32
4.22
4.58
4.92
12.3
9.11
12.9
10.8
8.32
7.13
6.96
6.99
5.97
5.41
5.00
4.73
4.56
4.32
4.13
3.89
3.70
3.62
3.77
3.46
3.30
3.17
3.11
3.00
2.88
2.82
2.86
2.70
2.72
2.69
2.57
2.52
3.12
3.10
2.73
2.92
2.69
2.49
2.38
2.31
2.23
2.19
7.60
3.26
2.63
2.47
2.78
4.34
3.50
3.08
2.73
3.73
4.36
2.99
5.15
13.0
6.01
4.15
3.35
3.08
7.76
3.88
3.16
5.08
4.25
3.72
2.82
2.56
2.40
2.43
4.16
3.93
4.49
2.87
3.24
4.03
13.0
7.35
4.71
3.74
3.24
2.93
2.68
2.48
2.32
2.18
2.09
2.03
1.94
1.87
1.76
1.72
1.75
1.63
